0 0.348297 0.464094 0.043375 0.074188
0 0.251383 0.404531 0.013578 0.034500
0 0.431367 0.653234 0.023516 0.032406
0 0.765484 0.577469 0.037625 0.046000
0 0.932414 0.479203 0.023516 0.056531
0 0.419609 0.956250 0.127469 0.080438
0 0.863188 0.546641 0.018813 0.038656
0 0.262609 0.063359 0.015156 0.022969
0 0.738570 0.776469 0.021422 0.042938
0 0.283773 0.236297 0.020891 0.030281
0 0.729172 0.589484 0.013063 0.024031
0 0.334711 0.127094 0.010984 0.037625
0 0.910727 0.121313 0.060609 0.076375
0 0.559891 0.255578 0.018281 0.043969
