0 0.256602 0.056047 0.019859 0.025094
0 0.343594 0.458281 0.031875 0.087875
0 0.280117 0.222656 0.013578 0.040875
0 0.327922 0.114047 0.013063 0.032406
0 0.246680 0.387813 0.015672 0.040750
0 0.490406 0.972453 0.042312 0.050156
0 0.729703 0.585313 0.013063 0.030313
0 0.558063 0.248844 0.024031 0.034500
0 0.408391 0.955922 0.117594 0.088156
0 0.740406 0.767109 0.018813 0.057469
0 0.432414 0.640688 0.028734 0.038687
0 0.767312 0.571203 0.046500 0.045969
0 0.930844 0.471406 0.024563 0.053313
0 0.862922 0.542984 0.018281 0.027156
0 0.896883 0.102547 0.078891 0.078344
