0 0.930578 0.472969 0.028219 0.043875
0 0.249289 0.395641 0.012547 0.035531
0 0.899758 0.109328 0.070016 0.075219
0 0.865273 0.546109 0.012547 0.025094
0 0.260000 0.063891 0.023500 0.038656
0 0.331062 0.118219 0.010969 0.034500
0 0.280898 0.227891 0.018297 0.034594
0 0.342812 0.453641 0.030313 0.072094
0 0.433195 0.648000 0.029266 0.044938
0 0.765484 0.572766 0.037625 0.044906
0 0.743539 0.771250 0.027172 0.049187
0 0.430063 0.956250 0.152563 0.086750
0 0.559109 0.251969 0.018813 0.040750
0 0.730219 0.588438 0.013062 0.019875
