0 0.876766 0.523141 0.024031 0.039719
0 0.849078 0.076375 0.080469 0.080562
0 0.435547 0.625531 0.031875 0.048063
0 0.761562 0.760281 0.013062 0.050250
0 0.737797 0.557609 0.015687 0.035531
0 0.936070 0.475078 0.009922 0.054344
0 0.778281 0.555531 0.036062 0.060625
0 0.496938 0.971078 0.062688 0.057844
0 0.406805 0.943391 0.140547 0.113219
0 0.247727 0.354906 0.017766 0.033438
0 0.354305 0.426484 0.032391 0.086719
0 0.277242 0.182484 0.019328 0.054344
0 0.326094 0.071719 0.013594 0.037625
0 0.563547 0.223766 0.022469 0.053281
