0 0.319188 0.086141 0.020375 0.027156
0 0.274625 0.196594 0.017250 0.032375
0 0.345422 0.433797 0.030313 0.080469
0 0.410992 0.948422 0.121734 0.102406
0 0.493016 0.975594 0.055906 0.048062
0 0.755039 0.756687 0.022984 0.044938
0 0.770969 0.557094 0.036062 0.057500
0 0.933977 0.464625 0.016203 0.052250
0 0.863188 0.080594 0.072094 0.059562
0 0.431367 0.629188 0.023516 0.036562
0 0.561727 0.228469 0.022984 0.033437
0 0.729961 0.568594 0.015672 0.036563
0 0.245367 0.363250 0.015141 0.033438
0 0.868672 0.530438 0.019344 0.029250
