0 0.495891 0.971406 0.063750 0.048062
0 0.568250 0.222187 0.020375 0.037625
0 0.938945 0.466703 0.013578 0.045969
0 0.879648 0.521563 0.017234 0.030312
0 0.408383 0.948422 0.136359 0.087781
0 0.353781 0.427000 0.023000 0.073125
0 0.766000 0.758234 0.016719 0.050156
0 0.438156 0.618219 0.036062 0.041813
0 0.737008 0.561281 0.019328 0.026125
0 0.785852 0.549766 0.051203 0.061656
0 0.856914 0.077422 0.080453 0.068031
0 0.281680 0.185047 0.018797 0.032469
0 0.326875 0.089484 0.015156 0.039719
0 0.248508 0.346547 0.023516 0.035531
