0 0.409680 0.953641 0.118078 0.083594
0 0.496414 0.972453 0.049109 0.050156
0 0.782203 0.559172 0.045969 0.051219
0 0.873633 0.520516 0.017766 0.030281
0 0.283141 0.192203 0.018281 0.042844
0 0.324523 0.085844 0.012547 0.040750
0 0.350648 0.428047 0.027172 0.077344
0 0.247719 0.360656 0.020906 0.030313
0 0.759477 0.750875 0.020391 0.048188
0 0.937531 0.465984 0.013594 0.057469
0 0.862664 0.079031 0.085672 0.071062
0 0.561461 0.231547 0.021422 0.037719
0 0.735187 0.562828 0.018813 0.035531
0 0.431625 0.625531 0.030312 0.033438
