0 0.414391 0.956969 0.133750 0.086063
0 0.254773 0.047172 0.017234 0.019844
0 0.328969 0.111437 0.010969 0.041813
0 0.281156 0.218016 0.021938 0.035531
0 0.342805 0.446328 0.032391 0.076281
0 0.884609 0.095234 0.073156 0.084656
0 0.930320 0.468750 0.023516 0.069063
0 0.768883 0.566500 0.050672 0.061625
0 0.427711 0.642250 0.024547 0.046000
0 0.749812 0.760797 0.026125 0.045031
0 0.556234 0.248313 0.020375 0.033438
0 0.727078 0.580078 0.013063 0.032406
0 0.245633 0.379453 0.015672 0.034469
0 0.864227 0.535156 0.015672 0.026125
