0 0.351430 0.419172 0.020391 0.065844
0 0.849344 0.072719 0.087250 0.073250
0 0.281938 0.188750 0.013063 0.025062
0 0.881477 0.525219 0.022984 0.029250
0 0.323219 0.075391 0.006781 0.028219
0 0.246938 0.340266 0.016187 0.031344
0 0.938578 0.465969 0.011500 0.040750
0 0.435547 0.626047 0.041281 0.042844
0 0.737531 0.561797 0.020375 0.029281
0 0.784813 0.550812 0.040750 0.055375
0 0.765742 0.755109 0.016203 0.058531
0 0.568250 0.221672 0.015156 0.034469
0 0.409156 0.943703 0.135844 0.090906
0 0.494852 0.969312 0.065828 0.056438
