0 0.844375 0.067484 0.090906 0.060719
0 0.322438 0.071719 0.014625 0.029250
0 0.280375 0.187188 0.026656 0.036563
0 0.246156 0.339234 0.024031 0.043906
0 0.353258 0.412375 0.019859 0.071063
0 0.436070 0.621359 0.033953 0.043906
0 0.407594 0.948422 0.128531 0.098219
0 0.497719 0.967750 0.065313 0.053313
0 0.785078 0.545078 0.044406 0.056406
0 0.888000 0.516328 0.018281 0.042844
0 0.938164 0.457828 0.012016 0.051219
0 0.739102 0.563891 0.015141 0.027156
0 0.768094 0.755094 0.019844 0.048062
0 0.569297 0.216437 0.018281 0.026125
