0 0.246414 0.368484 0.018297 0.039719
0 0.749023 0.751437 0.016203 0.026125
0 0.558852 0.235781 0.021422 0.048062
0 0.867625 0.084266 0.072625 0.064781
0 0.930063 0.464047 0.023000 0.059656
0 0.427969 0.632844 0.033438 0.048062
0 0.765219 0.558141 0.037094 0.053281
0 0.410992 0.952078 0.133234 0.086719
0 0.497977 0.973453 0.058516 0.046094
0 0.348297 0.434781 0.026656 0.057563
0 0.277500 0.199672 0.018812 0.024156
0 0.322180 0.096219 0.019328 0.017875
0 0.251375 0.040313 0.012531 0.010562
0 0.866062 0.520516 0.018281 0.047031
0 0.728125 0.573813 0.014094 0.026125
