0 0.558328 0.238391 0.024562 0.028219
0 0.246672 0.370047 0.011500 0.032406
0 0.730219 0.579031 0.016187 0.030312
0 0.931898 0.466188 0.021422 0.051187
0 0.431633 0.639641 0.032391 0.047031
0 0.749031 0.756672 0.025594 0.042844
0 0.769930 0.565984 0.042328 0.045969
0 0.487273 0.974016 0.041266 0.038656
0 0.408375 0.953641 0.132188 0.083594
0 0.344109 0.444703 0.020375 0.060719
0 0.278805 0.211172 0.024547 0.036656
0 0.326094 0.104062 0.011500 0.027250
0 0.252164 0.049203 0.019328 0.015781
0 0.877555 0.090016 0.073672 0.067906
0 0.867633 0.530438 0.019328 0.029250
